  return
window -13601.66992 -14138.19629 50084.10938 21086.23828
fitwindow
given
  layer 1
  rain 0.000343 0.000000 0.000000 1.000000 1.000000 0.000000
  layer 1
  uniflow 60.000000 206.559998
 return
aquifer
  layer 1
  global
    base 495.000000
    perm 5.00000e+01
    thick 2000.000000
    por 0.300000
  ret
reference
  layer 1
  -26000.000000 -14000.000000 864.000000
  return
well
  layer 1
  given
  5.6400000000e+03 1.0300000000e+04 1.00000e+01 0.166700 
  5.4600000000e+03 9.3000000000e+03 1.00000e+01 0.166700 
  6.1000000000e+03 9.1300000000e+03 1.00000e+01 0.166700 
  6.8000000000e+03 8.5000000000e+03 1.00000e+01 0.166700 
  5.1000000000e+03 4.9600000000e+03 1.00000e+01 0.166700 
  5.7000000000e+03 5.0000000000e+03 1.00000e+01 0.166700 
  2.6000000000e+03 1.8600000000e+03 1.00000e+01 0.166700 
  4.9500000000e+03 2.1000000000e+03 1.00000e+01 0.166700 
  5.9500000000e+03 2.2000000000e+03 1.00000e+01 0.166700 
  6.1600000000e+03 2.3200000000e+03 1.00000e+01 0.166700 
  7.6400000000e+03 3.6000000000e+03 1.00000e+01 0.166700 
  8.0800000000e+03 3.1400000000e+03 1.00000e+01 0.166700 
  9.4000000000e+03 3.0000000000e+03 1.00000e+01 0.166700 
  8.4800000000e+03 2.1400000000e+03 1.00000e+01 0.166700 
  7.5000000000e+03 1.9000000000e+03 1.00000e+01 0.166700 
  7.8000000000e+03 1.6300000000e+03 1.00000e+01 0.166700 
  5.7000000000e+03 1.0060000000e+04 1.00000e+01 0.166700 
  5.7000000000e+03 9.9800000000e+03 1.00000e+01 0.166700 
  5.7400000000e+03 9.6800000000e+03 1.00000e+01 0.166700 
  5.6400000000e+03 9.5200000000e+03 1.00000e+01 0.166700 
  5.9000000000e+03 9.3000000000e+03 1.00000e+01 0.166700 
  5.2600000000e+03 9.2000000000e+03 1.00000e+01 0.166700 
  5.6000000000e+03 9.5800000000e+03 1.00000e+01 0.166700 
  6.2000000000e+03 8.7800000000e+03 1.00000e+01 0.166700 
  6.8000000000e+03 8.4700000000e+03 1.00000e+01 0.166700 
  6.9400000000e+03 8.3300000000e+03 1.00000e+01 0.166700 
  7.3400000000e+03 8.1800000000e+03 1.00000e+01 0.166700 
  7.6000000000e+03 7.8200000000e+03 1.00000e+01 0.166700 
  8.2000000000e+03 3.3600000000e+03 1.00000e+01 0.166700 
  6.7200000000e+03 5.6500000000e+03 1.00000e+01 0.166700 
  6.2500000000e+03 5.5700000000e+03 1.00000e+01 0.166700 
  6.6000000000e+03 5.3100000000e+03 1.00000e+01 0.166700 
  5.1000000000e+03 5.3300000000e+03 1.00000e+01 0.166700 
  5.1000000000e+03 5.1700000000e+03 1.00000e+01 0.166700 
  5.3200000000e+03 5.0300000000e+03 1.00000e+01 0.166700 
  5.0000000000e+03 4.8800000000e+03 1.00000e+01 0.166700 
  5.1000000000e+03 4.7000000000e+03 1.00000e+01 0.166700 
  5.6300000000e+03 4.3200000000e+03 1.00000e+01 0.166700 
  5.1000000000e+03 3.7000000000e+03 1.00000e+01 0.166700 
  7.1000000000e+03 4.3000000000e+03 1.00000e+01 0.166700 
  7.8300000000e+03 3.4700000000e+03 1.00000e+01 0.166700 
  8.0400000000e+03 3.3600000000e+03 1.00000e+01 0.166700 
  8.5800000000e+03 3.0800000000e+03 1.00000e+01 0.166700 
  8.6800000000e+03 2.6400000000e+03 1.00000e+01 0.166700 
  6.1600000000e+03 2.1600000000e+03 1.00000e+01 0.166700 
  6.6800000000e+03 1.8000000000e+03 1.00000e+01 0.166700 
  6.6300000000e+03 1.8200000000e+03 1.00000e+01 0.166700 
  7.6000000000e+03 2.1600000000e+03 1.00000e+01 0.166700 
  7.9700000000e+03 1.6200000000e+03 1.00000e+01 0.166700 
  8.2300000000e+03 1.5700000000e+03 1.00000e+01 0.166700 
  8.7000000000e+03 1.5000000000e+03 1.00000e+01 0.166700 
  9.0000000000e+03 1.9400000000e+03 1.00000e+01 0.166700 
  9.4000000000e+03 2.4500000000e+03 1.00000e+01 0.166700 
  9.3300000000e+03 1.8000000000e+03 1.00000e+01 0.166700 
  9.1000000000e+03 1.3700000000e+03 1.00000e+01 0.166700 
  -5.5000000000e+03 -8.0000000000e+03 1.00000e+01 0.166700 
  return
arel
  layer 1
  top
  resistance
  6.67000e+04 5.60000e+04
  6.42000e+04 4.08000e+04
  6.52000e+04 4.08000e+04
  6.77000e+04 5.60000e+04
  181.000000 675.000000 1.000000 
  resistance
  6.42000e+04 4.08000e+04
  6.18000e+04 2.40000e+04
  6.28000e+04 2.40000e+04
  6.52000e+04 4.08000e+04
  181.000000 675.000000 1.000000 
  resistance
  6.18000e+04 2.40000e+04
  5.81000e+04 4.20000e+03
  5.91000e+04 4.20000e+03
  6.28000e+04 2.40000e+04
  181.000000 675.000000 1.000000 
  resistance
  5.81000e+04 4.20000e+03
  5.46000e+04 -1.65000e+04
  5.56000e+04 -1.65000e+04
  5.91000e+04 4.20000e+03
  181.000000 675.000000 1.000000 
  resistance
  -7.12000e+04 -6.20000e+03
  -6.03000e+04 1.14000e+04
  -6.13000e+04 1.14000e+04
  -7.22000e+04 -6.20000e+03
  151.000000 725.000000 1.000000 
  resistance
  -6.03000e+04 1.14000e+04
  -4.64000e+04 2.61000e+04
  -4.74000e+04 2.61000e+04
  -6.13000e+04 1.14000e+04
  151.000000 720.000000 1.000000 
  resistance
  -4.64000e+04 2.61000e+04
  -3.15000e+04 4.16000e+04
  -3.25000e+04 4.16000e+04
  -4.74000e+04 2.61000e+04
  151.000000 715.000000 1.000000 
  resistance
  -3.15000e+04 4.16000e+04
  -1.70000e+04 5.62000e+04
  -1.80000e+04 5.62000e+04
  -3.25000e+04 4.16000e+04
  151.000000 710.000000 1.000000 
  resistance
  -6.00000e+01 2.00000e+02
  6.00000e+02 2.01000e+03
  -6.00000e+02 2.08000e+03
  -7.20000e+02 1.80000e+02
  151.000000 687.000000 1.000000 
  resistance
  -1.44000e+03 2.64000e+03
  -1.64000e+03 1.70000e+02
  -7.20000e+02 1.80000e+02
  -6.00000e+02 2.08000e+03
  151.000000 687.000000 1.000000 
  resistance
  4.80000e+02 3.96000e+03
  -6.00000e+02 2.08000e+03
  6.00000e+02 2.01000e+03
  1.32000e+03 3.54000e+03
  151.000000 687.000000 1.000000 
  resistance
  -6.00000e+02 2.08000e+03
  4.80000e+02 3.96000e+03
  -9.00000e+02 4.68000e+03
  -1.44000e+03 2.64000e+03
  151.000000 687.000000 1.000000 
  resistance
  1.08000e+03 4.91000e+03
  4.80000e+02 3.96000e+03
  1.32000e+03 3.54000e+03
  1.89000e+03 4.50000e+03
  151.000000 687.000000 1.000000 
  resistance
  1.08000e+03 4.91000e+03
  -4.20000e+02 5.68000e+03
  -9.00000e+02 4.68000e+03
  4.80000e+02 3.96000e+03
  151.000000 687.000000 1.000000 
  resistance
  1.89000e+03 4.50000e+03
  2.60000e+03 5.65000e+03
  1.80000e+03 6.04000e+03
  1.08000e+03 4.91000e+03
  151.000000 687.000000 1.000000 
  resistance
  1.80000e+03 6.04000e+03
  1.50000e+02 6.82000e+03
  -4.20000e+02 5.68000e+03
  1.08000e+03 4.91000e+03
  151.000000 687.000000 1.000000 
  resistance
  2.60000e+03 5.65000e+03
  3.24000e+03 7.09000e+03
  2.28000e+03 7.54000e+03
  1.80000e+03 6.04000e+03
  151.000000 687.000000 1.000000 
  resistance
  1.50000e+02 6.82000e+03
  1.80000e+03 6.04000e+03
  2.28000e+03 7.54000e+03
  8.40000e+02 8.17000e+03
  151.000000 687.000000 1.000000 
  resistance
  2.37000e+03 9.28000e+03
  2.28000e+03 7.54000e+03
  3.24000e+03 7.09000e+03
  3.82000e+03 8.50000e+03
  151.000000 687.000000 1.000000 
  resistance
  2.28000e+03 7.54000e+03
  2.37000e+03 9.28000e+03
  1.53000e+03 9.67000e+03
  8.40000e+02 8.17000e+03
  151.000000 687.000000 1.000000 
  resistance
  1.53000e+03 9.67000e+03
  3.82000e+03 8.50000e+03
  3.84000e+03 1.05700e+04
  1.98000e+03 1.06300e+04
  151.000000 687.000000 1.000000 
  resistance
  5.23000e+03 9.13000e+03
  3.84000e+03 8.89000e+03
  3.82000e+03 8.50000e+03
  5.10000e+03 8.89000e+03
  46.000000 687.000000 1.000000 
  resistance
  5.47000e+03 8.29000e+03
  5.23000e+03 9.13000e+03
  5.10000e+03 8.89000e+03
  5.28000e+03 8.10000e+03
  46.000000 687.000000 1.000000 
  resistance
  5.28000e+03 8.10000e+03
  6.54000e+03 8.20000e+03
  6.64000e+03 8.38000e+03
  5.47000e+03 8.29000e+03
  46.000000 687.000000 1.000000 
  resistance
  7.42000e+03 7.39000e+03
  6.64000e+03 8.38000e+03
  6.54000e+03 8.20000e+03
  7.10000e+03 7.54000e+03
  46.000000 687.000000 1.000000 
  resistance
  7.10000e+03 7.54000e+03
  6.86000e+03 5.30000e+03
  7.18000e+03 5.38000e+03
  7.42000e+03 7.39000e+03
  46.000000 687.000000 1.000000 
  resistance
  6.86000e+03 5.30000e+03
  7.50000e+03 3.76000e+03
  7.83000e+03 4.17000e+03
  7.18000e+03 5.38000e+03
  46.000000 687.000000 1.000000 
  resistance
  1.03900e+04 3.78000e+03
  7.83000e+03 4.17000e+03
  7.50000e+03 3.76000e+03
  9.78000e+03 3.20000e+03
  46.000000 687.000000 1.000000 
  resistance
  9.91000e+03 1.05000e+03
  1.03900e+04 3.78000e+03
  9.78000e+03 3.20000e+03
  9.18000e+03 5.40000e+02
  46.000000 687.000000 1.000000 
  resistance
  9.36000e+03 1.21000e+03
  6.30000e+03 1.70000e+03
  6.28000e+03 9.60000e+02
  9.18000e+03 5.40000e+02
  46.000000 687.000000 1.000000 
  resistance
  6.30000e+03 1.70000e+03
  3.96000e+03 1.90000e+03
  4.25000e+03 7.80000e+02
  6.28000e+03 9.60000e+02
  46.000000 687.000000 1.000000 
  resistance
  4.25000e+03 7.80000e+02
  3.96000e+03 1.90000e+03
  3.40000e+03 9.80000e+02
  3.51000e+03 5.40000e+02
  46.000000 687.000000 1.000000 
  resistance
  3.40000e+03 9.80000e+02
  3.96000e+03 1.90000e+03
  3.34000e+03 2.20000e+03
  2.98000e+03 1.90000e+03
  46.000000 687.000000 1.000000 
  resistance
  8.80000e+02 -5.00000e+02
  3.51000e+03 5.40000e+02
  3.40000e+03 9.80000e+02
  1.92000e+03 9.00000e+02
  46.000000 687.000000 1.000000 
  resistance
  8.80000e+02 -5.00000e+02
  -6.00000e+01 2.00000e+02
  -6.00000e+01 0.00000e+00
  7.50000e+02 -8.10000e+02
  46.000000 687.000000 1.000000 
  resistance
  2.00000e+02 -2.70000e+03
  4.00000e+03 -1.10000e+03
  2.85000e+03 2.90000e+02
  8.80000e+02 -5.00000e+02
  151.000000 687.000000 1.000000 
  resistance
  -1.64000e+03 1.70000e+02
  -7.50000e+02 -3.20000e+03
  2.00000e+02 -2.70000e+03
  -6.00000e+01 2.00000e+02
  151.000000 687.000000 1.000000 
  resistance
  -7.50000e+02 -3.20000e+03
  5.10000e+03 -1.01000e+04
  8.00000e+03 -5.10000e+03
  4.00000e+03 -1.10000e+03
  151.000000 687.000000 1.000000 
  resistance
  9.18000e+03 5.40000e+02
  2.09000e+04 -7.00000e+03
  2.08000e+04 -3.80000e+03
  9.91000e+03 1.05000e+03
  151.000000 687.000000 1.000000 
  resistance
  5.10000e+03 -1.01000e+04
  2.10000e+04 -1.52000e+04
  2.09000e+04 -7.00000e+03
  8.00000e+03 -5.10000e+03
  151.000000 687.000000 1.000000 
  resistance
  3.33000e+04 -2.80000e+03
  2.08000e+04 -3.80000e+03
  2.09000e+04 -9.40000e+03
  3.03000e+04 -7.00000e+03
  151.000000 687.000000 1.000000 
  resistance
  3.84000e+03 1.05700e+04
  2.20000e+03 2.93000e+04
  7.00000e+02 2.93000e+04
  1.98000e+03 1.06300e+04
  151.000000 687.000000 1.000000 
  resistance
  2.20000e+03 2.93000e+04
  -1.44000e+04 5.63000e+04
  -1.54000e+04 5.63000e+04
  7.00000e+02 2.93000e+04
  151.000000 687.000000 1.000000 
  resistance
  3.90000e+03 2.60000e+03
  3.90000e+03 4.25000e+03
  2.85000e+03 4.25000e+03
  2.80000e+03 3.20000e+03
  25.500000 650.000000 1.000000 
  resistance
  3.00000e+03 3.05000e+03
  3.10000e+03 3.00000e+03
  3.10000e+03 3.10000e+03
  3.00000e+03 3.10000e+03
  25.500000 624.000000 1.000000 
  resistance
  3.04390e+04 -7.09600e+03
  5.47210e+04 -1.62460e+04
  5.54250e+04 -1.17880e+04
  3.34890e+04 -2.87300e+03
  376.000000 675.000000 1.000000 
  resistance
  5.41120e+04 -1.64300e+04
  1.00210e+03 -4.93310e+04
  2.67230e+03 -4.93310e+04
  5.54480e+04 -1.64300e+04
  376.000000 750.000000 1.000000 
  resistance
  -5.84500e+03 -4.83290e+04
  -3.07300e+04 -2.54480e+04
  -3.17320e+04 -2.64500e+04
  -7.84900e+03 -4.91640e+04
  376.000000 875.000000 1.000000 
  return
arel
  layer 1
  top
  given
  -1.52000e+04 5.28000e+04
  -6.21000e+04 -2.53000e+04
  -6.90000e+03 -2.53000e+04
  -1.60000e+03 1.95000e+04
  3.19000e-04 
  given
  1.26000e+04 1.46000e+04
  4.80000e+04 7.47000e+04
  -3.70000e+03 6.67000e+04
  8.00000e+03 4.90000e+04
  3.19000e-04 
  given
  3.76000e+04 -4.00000e+03
  -2.00000e+03 3.93000e+04
  -2.00000e+03 -1.55000e+04
  3.76000e+04 -1.55000e+04
  -1.02750e-03 
  return
switch
  end
